Character to attribute mapping:
  Q: ?
  A: Australia
  B: Austria
  C: Belgium
  D: Botswana
  E: Canada
  F: Denmark
  G: France
  H: Germany
  I: Israel
  J: Italy
  K: Netherlands
  L: South Africa
  M: Spain
  N: Switzerland
  O: USA
  P: United Kingdom


Substitution rate (mu): 1.95615

Equilibrium frequencies (pi_i):
  A: 0.0603
  B: 0.0524
  C: 0.0643
  D: 0.0711
  E: 0.0655
  F: 0.0388
  G: 0.0765
  H: 0.0704
  I: 0.0465
  J: 0.0826
  K: 0.0693
  L: 0.1118
  M: 0.0713
  N: 0.0564
  O: 0.0286
  P: 0.0341

Symmetrized rates from j->i (W_ij):
	A	B	C	D	E	F	G	H	I	J	K	L	M	N	O	P
  A	0	0.8909	0.9437	0.9595	0.9581	0.9403	0.9583	0.956	0.9529	0.953	0.9589	1.1275	0.9582	0.9586	0.9419	0.9406
  B	0.8909	0	1.3459	0.8794	0.8854	0.8992	0.8729	0.8779	0.9007	0.8631	1.3215	1.9501	0.8782	0.8942	0.9175	0.9112
  C	0.9437	1.3459	0	0.9407	1.4121	0.9291	1.4103	0.9373	1.381	0.931	0.9405	1.0598	0.9392	0.9436	1.8711	0.9307
  D	0.9595	0.8794	0.9407	0	0.9578	0.9365	0.9579	0.9551	0.9515	0.9516	0.9585	0.7781	0.9578	0.9583	0.9385	0.937
  E	0.9581	0.8854	1.4121	0.9578	0	0.9376	0.9581	0.954	0.9512	0.9504	0.9571	1.0723	0.9563	0.9571	0.9438	0.9381
  F	0.9403	0.8992	0.9291	0.9365	0.9376	0	0.934	1.3845	0.9409	1.271	0.9376	3.2067	0.9357	0.9409	0.9404	1.8705
  G	0.9583	0.8729	1.4103	0.9579	0.9581	0.934	0	0.9533	0.9499	0.9493	0.957	0.7518	0.9562	0.957	0.9365	0.9347
  H	0.956	0.8779	0.9373	0.9551	0.954	1.3845	0.9533	0	0.9492	0.947	1.3179	0.9583	0.9535	0.9551	0.9381	0.936
  I	0.9529	0.9007	1.381	0.9515	0.9512	0.9409	0.9499	0.9492	0	0.9454	0.9515	2.1662	0.9504	0.9526	0.9436	0.9415
  J	0.953	0.8631	0.931	0.9516	0.9504	1.271	0.9493	0.947	0.9454	0	0.9507	0.5872	0.9497	0.952	0.933	0.931
  K	0.9589	1.3215	0.9405	0.9585	0.9571	0.9376	0.957	1.3179	0.9515	0.9507	0	0.9448	0.9569	0.9578	0.9396	0.9378
  L	1.1275	1.9501	1.0598	0.7781	1.0723	3.2067	0.7518	0.9583	2.1662	0.5872	0.9448	0	0.7765	1.1525	6.0604	3.7159
  M	0.9582	0.8782	0.9392	0.9578	0.9563	0.9357	0.9562	0.9535	0.9504	0.9497	0.9569	0.7765	0	0.957	0.9382	0.9364
  N	0.9586	0.8942	0.9436	0.9583	0.9571	0.9409	0.957	0.9551	0.9526	0.952	0.9578	1.1525	0.957	0	0.9431	0.9413
  O	0.9419	0.9175	1.8711	0.9385	0.9438	0.9404	0.9365	0.9381	0.9436	0.933	0.9396	6.0604	0.9382	0.9431	0	0.9414
  P	0.9406	0.9112	0.9307	0.937	0.9381	1.8705	0.9347	0.936	0.9415	0.931	0.9378	3.7159	0.9364	0.9413	0.9414	0

Actual rates from j->i (Q_ij):
	A	B	C	D	E	F	G	H	I	J	K	L	M	N	O	P
  A	0	0.0537	0.0569	0.0578	0.0577	0.0567	0.0577	0.0576	0.0574	0.0574	0.0578	0.0679	0.0577	0.0578	0.0568	0.0567
  B	0.0467	0	0.0706	0.0461	0.0464	0.0472	0.0458	0.046	0.0472	0.0453	0.0693	0.1023	0.0461	0.0469	0.0481	0.0478
  C	0.0607	0.0866	0	0.0605	0.0909	0.0598	0.0907	0.0603	0.0889	0.0599	0.0605	0.0682	0.0604	0.0607	0.1204	0.0599
  D	0.0682	0.0625	0.0669	0	0.0681	0.0666	0.0681	0.0679	0.0676	0.0677	0.0681	0.0553	0.0681	0.0681	0.0667	0.0666
  E	0.0628	0.058	0.0925	0.0628	0	0.0614	0.0628	0.0625	0.0623	0.0623	0.0627	0.0703	0.0627	0.0627	0.0618	0.0615
  F	0.0365	0.0349	0.0361	0.0363	0.0364	0	0.0362	0.0537	0.0365	0.0493	0.0364	0.1244	0.0363	0.0365	0.0365	0.0726
  G	0.0733	0.0668	0.1079	0.0733	0.0733	0.0715	0	0.0729	0.0727	0.0726	0.0732	0.0575	0.0732	0.0732	0.0717	0.0715
  H	0.0673	0.0618	0.066	0.0673	0.0672	0.0975	0.0672	0	0.0669	0.0667	0.0928	0.0675	0.0672	0.0673	0.0661	0.0659
  I	0.0443	0.0419	0.0642	0.0442	0.0442	0.0437	0.0442	0.0441	0	0.0439	0.0442	0.1007	0.0442	0.0443	0.0439	0.0438
  J	0.0787	0.0713	0.0769	0.0786	0.0785	0.105	0.0784	0.0782	0.0781	0	0.0785	0.0485	0.0785	0.0787	0.0771	0.0769
  K	0.0664	0.0915	0.0651	0.0664	0.0663	0.0649	0.0663	0.0913	0.0659	0.0659	0	0.0654	0.0663	0.0663	0.0651	0.065
  L	0.126	0.2179	0.1184	0.087	0.1198	0.3584	0.084	0.1071	0.2421	0.0656	0.1056	0	0.0868	0.1288	0.6773	0.4153
  M	0.0683	0.0626	0.067	0.0683	0.0682	0.0667	0.0682	0.068	0.0678	0.0677	0.0682	0.0554	0	0.0682	0.0669	0.0668
  N	0.0541	0.0504	0.0532	0.054	0.054	0.0531	0.054	0.0539	0.0537	0.0537	0.054	0.065	0.054	0	0.0532	0.0531
  O	0.027	0.0263	0.0536	0.0269	0.027	0.0269	0.0268	0.0269	0.027	0.0267	0.0269	0.1735	0.0269	0.027	0	0.0269
  P	0.0321	0.0311	0.0318	0.032	0.032	0.0638	0.0319	0.0319	0.0321	0.0318	0.032	0.1268	0.032	0.0321	0.0321	0

